04|85|BBA830831LJ2|||||||||72||||||||||11||||||||||||||||||||||||||||||||01
04|85|PEC1411282LA|||||||||323||||||||||52||||||||||||||||||||||||||||||||01
04|85|XAXX010101000|||||||||||||||||||||||||||||||||||||||||||||||22536||||01
04|85|AQU030811UM4|||||||||1719||||||||||275||||||||||||||||||||||||||||||||01
04|85|SCA0307182L9|||||||||1315||||||||||210||||||||||||||||||||||||||||||||01
04|85|BEHS7201198H7|||||||||4221||||||||||675||||||||||||||||||||||||||||||||01
04|85|AWF1607236XA|||||||||4435||||||||||710||||||||||||||||||||||||||||||||01
04|85|CTR831122N85|||||||||24592||||||||||3935||||||||||||||||||||||||||||||||01
04|85|DIN110923QP7|||||||||80852||||||||||12936||||||||||||||||||||||||||||||||01
04|85|OEMA850218TA5|||||||||6900||||||||||1104||||||||||||||||||||||||||||||||01
04|85|DIE021114521|||||||||3250||||||||||520||||||||||||||||||||||||||||||||01
04|85|BECA8905152RA|||||||||||||||||||||||||||||||||||||||||||||||1||||01
04|85|VME221026G21|||||||||619||||||||||99||||||||||||||||||||||||||||||||01
